site_code,pft_f1,pft_c1,pft_f2,pft_c2,pft_f3,pft_c3,pft_f4,pft_c4,pft_f5,pft_c5
US-Blo,100,1,0,0,0,0,0,0,0,0
US-CHATS,100,7,0,0,0,0,0,0,0,0
US-FPe,100,12,0,0,0,0,0,0,0,0
US-NR1,100,1,0,0,0,0,0,0,0,0
CA-Let,100,12,0,0,0,0,0,0,0,0
CA-Man,100,2,0,0,0,0,0,0,0,0
BR-Sa1,100,4,0,0,0,0,0,0,0,0
BR-Sa3,100,4,0,0,0,0,0,0,0,0
ES-ES1,100,1,0,0,0,0,0,0,0,0
FL-Hyy,100,2,0,0,0,0,0,0,0,0
FL-Kaa,100,14,0,0,0,0,0,0,0,0
IT-Col,100,7,0,0,0,0,0,0,0,0
IT-Cpz,100,5,0,0,0,0,0,0,0,0
DE-Tha,100,1,0,0,0,0,0,0,0,0
US-Brw,100,12,0,0,0,0,0,0,0,0
BE-Vie,100,7,0,0,0,0,0,0,0,0
US-ARM,100,15,0,0,0,0,0,0,0,0
US-Var,100,13,0,0,0,0,0,0,0,0
US-UMB,100,7,0,0,0,0,0,0,0,0
US-Ha1,100,7,0,0,0,0,0,0,0,0
US-Ho1,100,1,0,0,0,0,0,0,0,0
US-MMS,100,7,0,0,0,0,0,0,0,0
US-Bo1,100,15,0,0,0,0,0,0,0,0
CA-Ca1,100,2,0,0,0,0,0,0,0,0
CA-Oas,100,8,0,0,0,0,0,0,0,0
CA-Obs,100,2,0,0,0,0,0,0,0,0
CA-Ojp,100,2,0,0,0,0,0,0,0,0
CA-Qfo,100,2,0,0,0,0,0,0,0,0
US-Me4,100,1,0,0,0,0,0,0,0,0
US-Me2,100,1,0,0,0,0,0,0,0,0
US-MOz,100,7,0,0,0,0,0,0,0,0
US-WCr,100,7,0,0,0,0,0,0,0,0
US-Dk3,100,1,0,0,0,0,0,0,0,0
US-Dk2,100,7,0,0,0,0,0,0,0,0
US-IB1,100,15,0,0,0,0,0,0,0,0
US-Ne1,100,18,0,0,0,0,0,0,0,0
US-Ne3,100,15,0,0,0,0,0,0,0,0
TS-Ts1,100,1,0,0,0,0,0,0,0,0
TS-Ts2,100,1,0,0,0,0,0,0,0,0
TS-Ts3,100,1,0,0,0,0,0,0,0,0
LTER-Sev,100,1,0,0,0,0,0,0,0,0
RF-Bra,-999,-999,0,0,0,0,0,0,0,0
LBA-Cax,100,4,0,0,0,0,0,0,0,0
CornMus,100,17,0,0,0,0,0,0,0,0
FtColl,100,18,0,0,0,0,0,0,0,0
ISU,100,17,0,0,0,0,0,0,0,0
AUR-NY,100,17,0,0,0,0,0,0,0,0
Kent,100,17,0,0,0,0,0,0,0,0
AMES-IA,100,17,0,0,0,0,0,0,0,0
KIMB-ID,100,18,0,0,0,0,0,0,0,0
BG-KY,100,17,0,0,0,0,0,0,0,0
SP-MN,100,17,0,0,0,0,0,0,0,0
PROS-WA,100,18,0,0,0,0,0,0,0,0
ISU17,100,17,0,0,0,0,0,0,0,0
BOYD,100,17,0,0,0,0,0,0,0,0
Idaho,100,18,0,0,0,0,0,0,0,0
ISU11,100,17,0,0,0,0,0,0,0,0
FAY-ARK,100,18,0,0,0,0,0,0,0,0
Flo-SC,100,17,0,0,0,0,0,0,0,0
Tift-GA,100,18,0,0,0,0,0,0,0,0
Bent-WA,100,18,0,0,0,0,0,0,0,0
HA,100,17,0,0,0,0,0,0,0,0
Kent2,100,17,0,0,0,0,0,0,0,0
KIMB-ID2,100,18,0,0,0,0,0,0,0,0
TU-JAP,100,18,0,0,0,0,0,0,0,0
SHU-CITY,100,18,0,0,0,0,0,0,0,0
LINZ-VIL,100,17,0,0,0,0,0,0,0,0
XIAN,100,17,0,0,0,0,0,0,0,0
EGYP,100,17,0,0,0,0,0,0,0,0
HEA-ID,100,18,0,0,0,0,0,0,0,0
TaianCity,100,17,0,0,0,0,0,0,0,0
JEL-1,100,75,0,0,0,0,0,0,0,0
JEL-2,100,75,0,0,0,0,0,0,0,0
ABN-WA,100,17,0,0,0,0,0,0,0,0
NAT-NEP,100,17,0,0,0,0,0,0,0,0
THAI,100,17,0,0,0,0,0,0,0,0
RIV-IT,100,17,0,0,0,0,0,0,0,0
BEA-IT,100,17,0,0,0,0,0,0,0,0
TOLGA,100,17,0,0,0,0,0,0,0,0
QUE-CA,100,17,0,0,0,0,0,0,0,0
QUE-CA2,100,17,0,0,0,0,0,0,0,0
BJ,100,18,0,0,0,0,0,0,0,0
CQ,100,17,0,0,0,0,0,0,0,0
CW,100,17,0,0,0,0,0,0,0,0
SY,100,17,0,0,0,0,0,0,0,0
SQ,100,18,0,0,0,0,0,0,0,0
TaianCity2,100,17,0,0,0,0,0,0,0,0
ISA-PRO,100,17,0,0,0,0,0,0,0,0
NT,100,17,0,0,0,0,0,0,0,0
SQ2,100,18,0,0,0,0,0,0,0,0
HN,100,18,0,0,0,0,0,0,0,0
PESH,100,18,0,0,0,0,0,0,0,0
HB,100,17,0,0,0,0,0,0,0,0
SY2,100,17,0,0,0,0,0,0,0,0
HT,100,17,0,0,0,0,0,0,0,0
HN2,100,17,0,0,0,0,0,0,0,0
JL2,100,17,0,0,0,0,0,0,0,0
XIN,100,17,0,0,0,0,0,0,0,0
AKURE,100,17,0,0,0,0,0,0,0,0
KT2,100,17,0,0,0,0,0,0,0,0
KAPS,100,17,0,0,0,0,0,0,0,0
UNI-PAD,100,17,0,0,0,0,0,0,0,0
SY3,100,17,0,0,0,0,0,0,0,0
UNI-PAD2,100,17,0,0,0,0,0,0,0,0
FENG,100,17,0,0,0,0,0,0,0,0
FENG2,100,17,0,0,0,0,0,0,0,0
ZUR,100,17,0,0,0,0,0,0,0,0
HUN,100,17,0,0,0,0,0,0,0,0
HUAN-HEY,100,17,0,0,0,0,0,0,0,0
MAL-SLOV,100,17,0,0,0,0,0,0,0,0
PAS-CA,100,17,0,0,0,0,0,0,0,0
CW2,100,17,0,0,0,0,0,0,0,0
site2,100,45,0,0,0,0,0,0,0,0
site4,100,49,0,0,0,0,0,0,0,0
site5,100,5,0,0,0,0,0,0,0,0
site6,100,1,0,0,0,0,0,0,0,0
site1,100,0,0,0,0,0,0,0,0,0
site7,100,13,0,0,0,0,0,0,0,0
site8,100,1,0,0,0,0,0,0,0,0
site13,100,13,0,0,0,0,0,0,0,0
site14,100,13,0,0,0,0,0,0,0,0
site15,100,9,0,0,0,0,0,0,0,0
site16,100,13,0,0,0,0,0,0,0,0
site18,100,1,0,0,0,0,0,0,0,0
site22,100,1,0,0,0,0,0,0,0,0
site23,100,13,0,0,0,0,0,0,0,0
site24,100,1,0,0,0,0,0,0,0,0
site25,100,7,0,0,0,0,0,0,0,0
site26,100,13,0,0,0,0,0,0,0,0
site28,100,9,0,0,0,0,0,0,0,0
site29,100,13,0,0,0,0,0,0,0,0
site31,100,9,0,0,0,0,0,0,0,0
site32,100,45,0,0,0,0,0,0,0,0
site34,100,45,0,0,0,0,0,0,0,0
site36,100,13,0,0,0,0,0,0,0,0
site38,100,7,0,0,0,0,0,0,0,0
site39,100,13,0,0,0,0,0,0,0,0
site3,100,7,0,0,0,0,0,0,0,0
site21,100,17,0,0,0,0,0,0,0,0
site17,100,15,0,0,0,0,0,0,0,0
site9,100,7,0,0,0,0,0,0,0,0
site10,50,13,50,14,0,0,0,0,0,0
site11,50,13,50,14,0,0,0,0,0,0
site19,100,15,0,0,0,0,0,0,0,0
site20,100,15,0,0,0,0,0,0,0,0
site30,100,10,0,0,0,0,0,0,0,0
site33,100,14,0,0,0,0,0,0,0,0
site35,100,7,0,0,0,0,0,0,0,0
site37,100,7,0,0,0,0,0,0,0,0
GUAN,100,6,0,0,0,0,0,0,0,0
WOOD,100,13,0,0,0,0,0,0,0,0
YELL,100,1,0,0,0,0,0,0,0,0
SRER,100,9,0,0,0,0,0,0,0,0
TEAK,100,1,0,0,0,0,0,0,0,0
KNOZ,100,14,0,0,0,0,0,0,0,0
ONAQ,100,9,0,0,0,0,0,0,0,0
HARV,100,7,0,0,0,0,0,0,0,0
STER,100,19,0,0,0,0,0,0,0,0
OAES,100,14,0,0,0,0,0,0,0,0
JORN,100,14,0,0,0,0,0,0,0,0
BLAN,100,7,0,0,0,0,0,0,0,0
SCBI,100,7,0,0,0,0,0,0,0,0
SERC,100,7,0,0,0,0,0,0,0,0
DSNY,100,14,0,0,0,0,0,0,0,0
JERC,100,1,0,0,0,0,0,0,0,0
OSBS,100,1,0,0,0,0,0,0,0,0
TREE,100,7,0,0,0,0,0,0,0,0
UNDE,100,7,0,0,0,0,0,0,0,0
KONA,100,19,0,0,0,0,0,0,0,0
UKFS,100,7,0,0,0,0,0,0,0,0
MLBS,100,7,0,0,0,0,0,0,0,0
ORNL,100,7,0,0,0,0,0,0,0,0
DCFS,100,13,0,0,0,0,0,0,0,0
NOGP,100,13,0,0,0,0,0,0,0,0
LENO,100,7,0,0,0,0,0,0,0,0
TALL,100,1,0,0,0,0,0,0,0,0
ABBY,100,1,0,0,0,0,0,0,0,0
SOAP,100,1,0,0,0,0,0,0,0,0
CLBJ,100,7,0,0,0,0,0,0,0,0
