1.477397084236145020e+00
1.544226050376892090e+00
1.585728972076106968e+00
1.680911983053788639e+00
1.903635130994047575e+00
2.023494096728668534e+00
2.177598444794863308e+00
2.323141472792987106e+00
2.298453092575073242e+00
2.298453092575073242e+00
2.210630655288696289e+00
2.210630655288696289e+00
2.210630655288696289e+00
2.210630655288696289e+00
2.210630655288696289e+00
2.210630655288696289e+00
2.210630655288696289e+00
2.210630655288696289e+00
2.210630655288696289e+00
2.210630655288696289e+00
2.210630655288696289e+00
2.210630655288696289e+00
2.210630655288696289e+00
2.210630655288696289e+00
2.210630655288696289e+00
