7.693260498046875000e+02
7.706721191406250000e+02
7.857142857142856656e+02
7.857142857142856656e+02
7.826001562767929727e+02
7.390022977477059385e+02
6.829479214686481328e+02
6.300076653462451759e+02
6.354346923828125000e+02
6.354071655273437500e+02
6.548483886718750000e+02
6.548483886718750000e+02
6.548483886718750000e+02
6.548483886718750000e+02
6.548483886718750000e+02
6.548483886718750000e+02
6.548483886718750000e+02
6.548483886718750000e+02
6.548483886718750000e+02
6.548483886718750000e+02
6.548483886718750000e+02
6.548483886718750000e+02
6.548483886718750000e+02
6.548483886718750000e+02
6.548483886718750000e+02
