5.039840340614318848e-01
5.021695494651794434e-01
4.899999999999999911e-01
4.899999999999999911e-01
4.881735822894408550e-01
4.626037071258424227e-01
4.297281611200074458e-01
3.986790273815775110e-01
3.949010670185089111e-01
3.949010670185089111e-01
3.814619481563568115e-01
3.814619481563568115e-01
3.814619481563568115e-01
3.814619481563568115e-01
3.814619481563568115e-01
3.814619481563568115e-01
3.814619481563568115e-01
3.814619481563568115e-01
3.814619481563568115e-01
3.814619481563568115e-01
3.814619481563568115e-01
3.814619481563568115e-01
3.814619481563568115e-01
3.814619481563568115e-01
3.814619481563568115e-01
